0 0.169404 0.304348 0.072464 0.064412
0 0.129952 0.394525 0.083736 0.048309
0 0.069565 0.540258 0.049919 0.059581
0 0.222544 0.631240 0.062802 0.077295
0 0.410950 0.649758 0.062802 0.107890
0 0.516425 0.739130 0.057971 0.032206
0 0.327214 0.553140 0.072464 0.033816
0 0.343317 0.425926 0.066023 0.027375
0 0.436715 0.524155 0.066023 0.059581
0 0.309501 0.332528 0.059581 0.066023
0 0.633172 0.436393 0.120773 0.080515
0 0.650886 0.351047 0.169082 0.038647
0 0.423027 0.275362 0.115942 0.048309
0 0.394042 0.201288 0.051530 0.038647
0 0.738647 0.686795 0.180354 0.069243
0 0.493076 0.205314 0.062802 0.059581
0 0.832045 0.809984 0.070853 0.138486