0 0.361836 0.456522 0.125604 0.069243
0 0.306280 0.332528 0.123994 0.062802
0 0.658132 0.438808 0.045089 0.059581
0 0.538969 0.545089 0.077295 0.091787
0 0.595330 0.677939 0.070853 0.109501
0 0.675845 0.603060 0.067633 0.049919
0 0.455233 0.782609 0.051530 0.048309
0 0.755556 0.570853 0.059581 0.056361
0 0.803865 0.669887 0.078905 0.070853
0 0.597746 0.299517 0.095008 0.064412
0 0.692754 0.361514 0.062802 0.107890
0 0.943961 0.598229 0.040258 0.088567
0 0.854589 0.478261 0.048309 0.041868
0 0.757166 0.305958 0.043478 0.041868
0 0.852979 0.332528 0.048309 0.037037
0 0.906119 0.442029 0.090177 0.049919
0 0.507568 0.228663 0.066023 0.041868
0 0.339291 0.194847 0.064412 0.035427
0 0.604992 0.197262 0.093398 0.066023
0 0.264412 0.702093 0.095008 0.035427
0 0.468921 0.921900 0.069243 0.030596