0 0.319163 0.545894 0.075684 0.067633
0 0.410950 0.648953 0.085346 0.086957
0 0.210467 0.608696 0.077295 0.061192
0 0.075201 0.528986 0.048309 0.059581
0 0.152496 0.400966 0.051530 0.067633
0 0.329630 0.320451 0.077295 0.090177
0 0.473752 0.871981 0.075684 0.037037
0 0.277295 0.826087 0.098229 0.164251
0 0.441546 0.519324 0.072464 0.062802
0 0.344122 0.419485 0.067633 0.046699
0 0.416586 0.276973 0.090177 0.045089
0 0.417391 0.194847 0.062802 0.022544
0 0.182287 0.291465 0.056361 0.041868
0 0.635588 0.453301 0.125604 0.078905
0 0.673430 0.355878 0.098229 0.045089
0 0.506763 0.749597 0.090177 0.040258