0 0.284541 0.480676 0.070853 0.059581
0 0.258776 0.716586 0.122383 0.051530
0 0.286956 0.607085 0.130435 0.083736
0 0.311916 0.361514 0.106280 0.107890
0 0.533333 0.752818 0.098229 0.082126
0 0.701610 0.680354 0.080515 0.107890
0 0.719324 0.851852 0.154589 0.157810
0 0.121095 0.739936 0.088567 0.107890
0 0.235427 0.896940 0.117552 0.128824
0 0.488245 0.538647 0.130435 0.088567
0 0.472947 0.446055 0.103060 0.074074
0 0.621095 0.355072 0.112721 0.098229
0 0.859420 0.335749 0.086957 0.111111
0 0.330435 0.159420 0.095008 0.035427
0 0.786956 0.470209 0.067633 0.099839
0 0.445572 0.257649 0.122383 0.070853