0 0.323994 0.503221 0.053140 0.046699
0 0.286956 0.625604 0.043478 0.078905
0 0.295008 0.745572 0.107890 0.041868
0 0.527697 0.545894 0.115942 0.074074
0 0.334461 0.384058 0.138486 0.111111
0 0.185507 0.730274 0.082126 0.043478
0 0.740258 0.660225 0.090177 0.115942
0 0.600966 0.794686 0.107890 0.146538
0 0.313527 0.909018 0.128824 0.146538
0 0.324799 0.225443 0.093398 0.070853
0 0.625121 0.358293 0.107890 0.104670
0 0.846538 0.289050 0.057971 0.120773
0 0.798229 0.416264 0.080515 0.066023
0 0.876328 0.635266 0.046699 0.111111
0 0.782931 0.907407 0.104670 0.091787