0 0.423764 0.197767 0.175439 0.130781
0 0.745136 0.337321 0.148325 0.141946
0 0.253907 0.360447 0.100478 0.082935
0 0.422966 0.465710 0.116427 0.089314
0 0.143062 0.521531 0.082935 0.066986
0 0.254705 0.760766 0.153110 0.130781
0 0.469218 0.695375 0.074960 0.076555
0 0.543381 0.543062 0.054226 0.068581
0 0.618341 0.481659 0.057416 0.041467
0 0.708453 0.531100 0.055821 0.060606
0 0.814514 0.679426 0.264753 0.191388
0 0.037002 0.129984 0.071770 0.145136
0 0.124721 0.036683 0.094099 0.070175
0 0.320893 0.055821 0.113238 0.089314
0 0.745136 0.090112 0.046252 0.049442
0 0.883892 0.028708 0.074960 0.044657
0 0.893461 0.282297 0.078150 0.079745
0 0.932536 0.457735 0.130781 0.194577
0 0.193301 0.914673 0.154705 0.170654