0 0.060128 0.368421 0.089314 0.213716
0 0.277831 0.176236 0.113238 0.141946
0 0.479585 0.389155 0.086124 0.079745
0 0.623923 0.267943 0.087719 0.098884
0 0.778628 0.079745 0.094099 0.082935
0 0.851994 0.385167 0.100478 0.087719
0 0.603190 0.572568 0.100478 0.073365
0 0.838437 0.794258 0.076555 0.098884
0 0.706061 0.871611 0.086124 0.074960
0 0.447687 0.861244 0.098884 0.089314
0 0.359171 0.607656 0.154705 0.133971
0 0.036204 0.868421 0.070175 0.087719
0 0.221212 0.851675 0.092504 0.118022
0 0.354386 0.972887 0.097289 0.054226