0 0.754750 0.315620 0.086957 0.077295
0 0.805475 0.421095 0.033816 0.037037
0 0.817552 0.507246 0.038647 0.041868
0 0.725765 0.641707 0.025765 0.040258
0 0.733816 0.787440 0.138486 0.061192
0 0.472947 0.583736 0.148148 0.111111
0 0.118680 0.687601 0.090177 0.109501
0 0.257971 0.700483 0.069243 0.125604
0 0.439936 0.760870 0.082126 0.172303
0 0.138808 0.315620 0.078905 0.138486
0 0.560709 0.283414 0.165862 0.093398
0 0.542190 0.457327 0.090177 0.083736
0 0.266023 0.876006 0.191626 0.103060
0 0.367472 0.169887 0.207729 0.062802
0 0.702415 0.203704 0.098229 0.053140
0 0.835266 0.671498 0.057971 0.057971
0 0.700805 0.525765 0.078905 0.062802
0 0.373108 0.388084 0.080515 0.067633